-229-

p.,52 7 pondo (5151513 51.)

52, 3 35115 55 maginae.

52,15 in 1155- -eduntur 5(3 9): om..d

52,18 1555515 55511555555 (ef. 9.)

53, 2 5551155115 3(51, 5555591.

53, 3 15555135111115515(391,Ρ1155.,) 11115535111551551

53, 6 555115515 (51515 (5551155159), 555115155516 59115515

, 515,2051115515(3 3.91

53, 8 5115111111551515 (351, 5191

53,13 1111ᾱέ511555..

54,1 5151151115ἒὶ115 resina (51515 (ande addita 155155
5515 1

51, 7 15 pcibo poni inbento(= 91.

51, 3 55151115(351, 9555115111.

54,17 Tiniae (515 semper) 5115555.

55, 35185111 eximiii (51515.

55, 10 951115(3115155191.ρο1551.

55,14 11551511551551(1551551555951115551555. 5(3511.

55, 16 1513551511) 5111551151511151515 etiamn (= torpe·
dorumbuf ete. 9).

56, 5 05111115,

56, 11 454· 115559, 5115151 115551. potet 1159551555 1555555
Ρ11515 51555 51555555555155515555 oaninue lien 51
viventi eximitur 51 laboranti m cibo datur, liberat

= de 11115 115515 eatuli (55. 1155, 5555 5515155 51551151.)
(15551 dierum (1515111515 codd„ ef. 1³44. Alii . ..
dant) ignoranti 55315 15 oibo ex 55515.

57, 3 511511555505559511

57, 5 5151555155 511151 oportet Vespertihome 55535155155151
515 see 5115555.

59, 4 15111115(5)351(555559511155515,519, 11551 51101155
5515515515 515 5551115 consentiant 55155551155511951551551
111 1511111151ιέ 545454544255
59111. 1515555515311 exem. 3316 1555111313
5115551405, 5551515 5116 5115551515 531 quadrae
7018 panni 7616 1515155551738 5155155 (alum)
80,11, apostemata 81,13. 1551511115 82,21. femina
83,10. antecessionem 88,18. 55351551 35,1. sabuci
35 2,2. farinae 36,10.1)151115515136,20, 151510022.
lacerate 55515 corr. 5 4(1555115 513 laceratae 9
101 ,.10 veneficii 105.

6015111. xv 1715515555(5191155515551,55511551551555911511
vesica 5555955 5 (plerumque 91.

60, 3 haemoroidaeo.

60,11 eiusdem ovi 515 5(3 91.

 

